Sorted Array:
-2147483648
-2147483648
-2147483648
-1561067300
-1561051572
-722330368
-722330368
-722330012
-2
-2
0
0
0
0
0
0
0
0
0
0
0
0
0
0
0
0
1
1
1
1
1
1
1
2
3
3
3
3
4
4
8
12
19
24
64
64
252
252
252
252
303
304
305
306
307
308
309
310
311
312
313
314
315
316
317
318
319
320
321
322
323
324
325
326
327
328
329
330
331
332
333
334
335
336
337
338
339
340
341
342
343
344
345
346
347
348
349
350
351
352
353
354
355
356
357
358
359
360
361
362
363
364
365
366
367
368
369
370
371
372
373
374
375
376
377
378
379
380
381
382
383
384
384
385
386
387
388
389
390
391
392
393
394
395
396
397
398
399
400
401
402
403
404
405
406
407
408
409
410
411
412
413
414
415
416
417
418
419
420
421
422
423
424
425
426
427
428
429
430
431
432
433
434
435
436
437
438
439
440
441
442
443
444
445
446
447
448
449
450
451
452
453
454
455
456
457
458
459
460
461
462
463
464
465
466
467
468
469
470
471
472
473
474
475
476
477
478
479
480
1216
16384
65400
2678784
4199136
4199136
4200430
4219082
4219082
4219084
4219113
6421644
6421660
6421676
6421692
6421700
6421780
6421800
6421816
6421864
6421864
6421896
6421936
6421936
6421936
6421936
6421936
6421936
6421952
6421952
6421964
6421964
6421980
6422020
6422028
6422056
6422158
6422158
6422476
9832516
9832528
9836016
10158080
10166736
10166736
26935296
1973242207
1986115505
1986118414
1986118434
1986118533
1986118571
1986119445
1986191728
1986191728
1986234229
1986241058
1986292091
1986292417
1986292447
1986345504
1986356198
1986565728
1986565728
1986565728
1986565728
1986565728
1986565728
1986565728
2000200760
2000337575
2000350198
2000512524
Number of Comparisons: 5607
Scenario: Average-case
Execution Time: 0.000000 seconds
